0.000000000000000000e+00,8.635176858327783256e-01,8.869579866622152586e-01,8.901520293788701688e-01,9.348133965006251156e-01,8.515039851140135951e-01,8.870246042292233568e-01,9.033799189919505812e-01,9.537971572580092872e-01,8.622631766038502121e-01,8.954493964669437700e-01,8.601333232858202615e-01,8.970994796612767885e-01,9.313657990620696214e-01,8.630897236299598374e-01,8.792321148351061044e-01,9.419446857428417363e-01,8.787942896030960238e-01,8.518642418003187222e-01,8.673776032431994576e-01,8.647262285293861872e-01,8.550146521912163067e-01,8.446180531662095259e-01,9.531361026411527826e-01,8.934311830509256147e-01,8.505726760820253585e-01,8.580186997106096225e-01,8.665494147679893011e-01,8.804161082947117301e-01,4.279245685062859073e-01,8.804720185212054906e-01,8.601116231731520401e-01,8.415661041732765968e-01,8.576920957357059283e-01,9.225265046841777394e-01,9.064434714820605032e-01,8.648895236706668488e-01
8.635176858327783256e-01,0.000000000000000000e+00,9.131980950272284847e-01,8.508623645030344296e-01,8.232564388684145973e-01,9.068462659676492787e-01,8.952754961016919921e-01,8.841211788637163282e-01,8.248033577624661605e-01,8.651930585769103121e-01,8.448504445530542473e-01,1.000000000000000000e+00,8.344046912248583858e-01,8.365351880651676897e-01,4.245987259466374453e-01,7.955597405752427020e-01,8.234822274798732078e-01,8.244639052221169884e-01,8.405647122014152650e-01,8.741784333640281179e-01,8.057532807244656148e-01,8.439622288856500898e-01,8.277315951638202218e-01,8.605912442422771758e-01,8.233895192969861165e-01,0.000000000000000000e+00,8.649420865997711205e-01,8.491153708270804401e-01,4.591304347826087873e-01,0.000000000000000000e+00,8.917155431132087751e-01,8.737778971060229383e-01,8.479645959832800006e-01,8.400859899036927647e-01,8.597781375826685224e-01,8.269032960280685574e-01,8.928343548308407263e-01
8.869579866622152586e-01,9.131980950272284847e-01,0.000000000000000000e+00,9.235338667444479288e-01,8.594689905562852283e-01,9.446628704625501527e-01,9.519018862681261073e-01,9.120491828349093222e-01,8.884601634846138740e-01,9.756764128044190798e-01,9.507745145733528247e-01,9.291887743449349646e-01,9.313137124348724871e-01,8.733214990702579117e-01,7.994252598979036950e-01,8.633792901238155348e-01,8.648650093592586963e-01,7.964946716337277799e-01,8.407077170456058735e-01,8.940670724970729566e-01,8.428202244061197002e-01,8.437204486011562476e-01,4.401542420510877185e-01,4.718199220567261820e-01,8.511650110598742991e-01,8.348223844483726452e-01,8.347947379863499551e-01,8.683634560123958401e-01,8.367982513121621224e-01,0.000000000000000000e+00,8.453608335906821480e-01,7.781029307945922513e-01,8.356490815899094704e-01,8.927187923653298052e-01,9.098367111428087295e-01,8.771123924914712155e-01,8.543473649933309710e-01
8.901520293788701688e-01,8.508623645030344296e-01,9.235338667444479288e-01,0.000000000000000000e+00,8.730704969713003472e-01,8.880244849338547741e-01,9.192118972911009767e-01,9.421874633092697238e-01,8.928577045509541454e-01,9.025523955374047391e-01,9.289269878505989064e-01,8.631877090524844309e-01,9.264584321491755592e-01,9.074311287481142685e-01,8.383494236880970618e-01,8.670126381977507624e-01,9.121264451308699339e-01,8.391685769860738331e-01,8.588820928964326917e-01,8.625088820008681711e-01,8.682933101031617973e-01,8.820377619910547695e-01,8.920567996779300568e-01,9.116458518192775973e-01,8.150107361922496185e-01,8.179244746330671667e-01,8.194125432055412439e-01,8.546939678590663725e-01,8.676933444105973114e-01,3.769443852546345286e-01,8.478986205549439159e-01,8.369437719808394682e-01,8.434242804812301930e-01,8.860235120645691964e-01,9.423163212715442993e-01,9.291881709533245104e-01,8.556021281254251321e-01
9.348133965006251156e-01,8.232564388684145973e-01,8.594689905562852283e-01,8.730704969713003472e-01,0.000000000000000000e+00,8.494256879825079487e-01,8.774124920000682115e-01,9.095110949920319765e-01,9.319790053803903573e-01,8.748236103480786507e-01,8.789745005041824655e-01,8.235429048195175294e-01,8.876061630931654234e-01,9.282360130896456507e-01,8.717535830076725833e-01,8.630381219136096238e-01,9.225219478726447431e-01,8.344263412746585340e-01,8.098951958111826332e-01,8.590849824792747835e-01,8.518669587563652001e-01,8.392380089053312897e-01,4.005079053002376099e-01,4.454366101794732247e-01,8.220829250343919536e-01,4.282500757214916520e-01,8.490281300226953931e-01,8.642358970828316611e-01,8.605090727621635960e-01,0.000000000000000000e+00,8.385912672655205791e-01,8.484043891176066277e-01,8.218010275109028928e-01,8.777142928910572905e-01,9.315555569602640418e-01,9.286272877032876183e-01,8.516033640164882845e-01
8.515039851140135951e-01,9.068462659676492787e-01,9.446628704625501527e-01,8.880244849338547741e-01,8.494256879825079487e-01,0.000000000000000000e+00,9.228642925814629638e-01,8.948937246970911641e-01,8.742876345304684271e-01,9.285511122937284423e-01,8.736786288730837846e-01,9.003331003756874784e-01,8.643280840428400058e-01,8.739756376730785092e-01,8.140810300551664103e-01,8.266603802857642735e-01,8.463469516038419904e-01,8.304693304172383606e-01,8.274725272012821709e-01,8.580545104114907229e-01,8.161696697361453534e-01,8.285289277528744556e-01,4.120844642909260447e-01,4.410005379997734565e-01,8.354510396753479506e-01,8.082180427137175549e-01,8.173625849023864465e-01,8.117694181644254936e-01,8.719919861696798780e-01,0.000000000000000000e+00,8.463520217598552442e-01,8.331150884238754939e-01,8.198166610320075653e-01,8.350605890399643849e-01,8.888608959680275312e-01,8.567590457356718536e-01,8.265304617911384266e-01
8.870246042292233568e-01,8.952754961016919921e-01,9.519018862681261073e-01,9.192118972911009767e-01,8.774124920000682115e-01,9.228642925814629638e-01,0.000000000000000000e+00,9.358151601366795358e-01,9.114041538261968833e-01,9.161895205474610560e-01,9.548074425322051750e-01,9.189900191089823700e-01,9.291081837830570400e-01,9.080673423292767721e-01,8.718840438536993309e-01,8.841606097711545154e-01,8.746407929489732336e-01,8.607442072560865798e-01,8.443113625420556323e-01,8.763376885156396456e-01,8.461377616042768945e-01,8.428234674805359372e-01,8.387459606345393226e-01,9.025416523622447063e-01,8.587486607760157487e-01,8.312004307682943072e-01,8.425956922112646241e-01,7.818594073187792315e-01,9.088229282794499930e-01,8.573584771645712532e-01,8.767836450436941043e-01,8.448140647858103369e-01,8.429060126489860139e-01,8.998696931095078178e-01,9.205332570120856595e-01,8.854683671310352722e-01,8.562667326539956658e-01
9.033799189919505812e-01,8.841211788637163282e-01,9.120491828349093222e-01,9.421874633092697238e-01,9.095110949920319765e-01,8.948937246970911641e-01,9.358151601366795358e-01,0.000000000000000000e+00,9.400070403653113527e-01,8.678295950457723951e-01,9.574387343797450267e-01,8.674031109982845988e-01,9.601397475799908765e-01,9.240266828263297150e-01,8.176463094717615343e-01,8.740592681654713036e-01,8.927169348248411573e-01,8.523825471772651374e-01,8.378023038973343439e-01,8.611667814032089030e-01,8.500406789657852791e-01,8.430995671073728825e-01,8.387656090648099028e-01,9.074074721590563719e-01,8.583165310367909528e-01,7.924434009805156887e-01,8.256621904061469674e-01,8.469693742754644816e-01,8.522334882784136090e-01,4.405705229793978051e-01,8.887380989369089157e-01,8.213457251669806780e-01,8.480185819764469723e-01,9.032857836318509692e-01,9.334002788803034134e-01,9.131022046493515454e-01,8.436309993277975039e-01
9.537971572580092872e-01,8.248033577624661605e-01,8.884601634846138740e-01,8.928577045509541454e-01,9.319790053803903573e-01,8.742876345304684271e-01,9.114041538261968833e-01,9.400070403653113527e-01,0.000000000000000000e+00,8.650450427701716904e-01,9.062032976927323347e-01,8.010528446659932467e-01,9.312400987658573381e-01,9.807992176969633213e-01,7.880474732445131858e-01,9.151233430442391459e-01,9.411087079607829420e-01,8.811436584538825390e-01,8.453176257638288504e-01,8.707707684504260026e-01,8.845053316475277594e-01,8.503111870422910279e-01,8.433209936674905816e-01,9.598390369454908866e-01,8.715513892146165009e-01,3.929894780276459998e-01,8.519925591920525232e-01,8.995628535800260783e-01,4.431884057971014479e-01,4.526923870435320962e-01,8.341745215835225657e-01,4.395586283560535268e-01,8.391797188984562172e-01,9.068699230363226338e-01,9.175149691507178407e-01,9.507179288547036311e-01,8.787355882438832033e-01
8.622631766038502121e-01,8.651930585769103121e-01,9.756764128044190798e-01,9.025523955374047391e-01,8.748236103480786507e-01,9.285511122937284423e-01,9.161895205474610560e-01,8.678295950457723951e-01,8.650450427701716904e-01,0.000000000000000000e+00,8.691394461708603636e-01,8.765646835322304931e-01,8.536916441172028858e-01,8.835447202534068012e-01,8.752362319000270841e-01,8.321766182764323005e-01,8.754447692948907900e-01,8.367576212104219646e-01,7.986306066339174947e-01,8.767266506966781003e-01,7.969296434457810996e-01,7.755763785546181399e-01,8.050078824972892733e-01,8.887331055327383211e-01,8.042208884323995832e-01,8.526357667927342288e-01,7.578602729400274463e-01,8.564754328599002431e-01,8.616878019323671589e-01,4.325591306200723962e-01,8.364019988785884596e-01,8.387482611643284347e-01,8.247674878013179223e-01,8.290551306473323834e-01,9.102488894315476919e-01,8.127432818890594213e-01,8.842640426489883909e-01
8.954493964669437700e-01,8.448504445530542473e-01,9.507745145733528247e-01,9.289269878505989064e-01,8.789745005041824655e-01,8.736786288730837846e-01,9.548074425322051750e-01,9.574387343797450267e-01,9.062032976927323347e-01,8.691394461708603636e-01,0.000000000000000000e+00,8.844054862826029595e-01,9.816818672975838878e-01,9.288812490014037859e-01,7.964660979970623611e-01,8.655435793791379506e-01,8.894153785926067757e-01,8.675865949679160138e-01,8.105910142132510821e-01,8.136682043729210889e-01,8.118021375979694865e-01,8.129753362836541486e-01,8.277501456103107946e-01,8.888743309868052389e-01,8.439142256141609622e-01,9.655428800786292065e-01,8.311623287207812183e-01,8.211391878861618032e-01,4.585987261146496907e-01,4.458598726114649802e-01,8.652062222301548644e-01,7.853970120187329096e-01,7.950162827218992811e-01,9.540073381220502968e-01,9.770107827464347139e-01,8.702663796642438054e-01,8.386087330669491635e-01
8.601333232858202615e-01,1.000000000000000000e+00,9.291887743449349646e-01,8.631877090524844309e-01,8.235429048195175294e-01,9.003331003756874784e-01,9.189900191089823700e-01,8.674031109982845988e-01,8.010528446659932467e-01,8.765646835322304931e-01,8.844054862826029595e-01,0.000000000000000000e+00,8.314352311970372167e-01,8.375928259564509037e-01,0.000000000000000000e+00,7.709810519583997213e-01,8.246785475882856264e-01,8.147958207020516985e-01,8.744690432945021463e-01,9.158061030942092895e-01,8.643175026534091199e-01,8.619767970986318417e-01,8.385513600242308074e-01,4.133865224728531795e-01,8.262484717408572488e-01,4.129068342832792338e-01,8.503808975521833791e-01,9.167471014102269722e-01,4.532562885996765933e-01,0.000000000000000000e+00,8.931937974030377259e-01,9.254027100489830016e-01,9.011887016517884375e-01,8.348450434087686389e-01,8.867096428867305979e-01,8.405927958370917885e-01,8.357378484724881096e-01
8.970994796612767885e-01,8.344046912248583858e-01,9.313137124348724871e-01,9.264584321491755592e-01,8.876061630931654234e-01,8.643280840428400058e-01,9.291081837830570400e-01,9.601397475799908765e-01,9.312400987658573381e-01,8.536916441172028858e-01,9.816818672975838878e-01,8.314352311970372167e-01,0.000000000000000000e+00,9.409884417318234995e-01,8.359408869817539500e-01,8.428291480124017188e-01,8.736472966094130932e-01,8.443653743659089717e-01,8.124027500289785486e-01,7.894389534750512194e-01,8.176163006392418442e-01,7.975070408052494786e-01,8.091627514542916177e-01,9.025938145229044363e-01,8.435081190972036902e-01,0.000000000000000000e+00,8.293787905774580027e-01,7.925000645293325263e-01,4.434504792332268908e-01,4.480076709993606743e-01,8.431103129895347603e-01,8.259754656911200144e-01,8.035911306582137481e-01,9.484057340129637970e-01,9.990719610527917238e-01,8.752548588032122989e-01,8.178348952446752307e-01
9.313657990620696214e-01,8.365351880651676897e-01,8.733214990702579117e-01,9.074311287481142685e-01,9.282360130896456507e-01,8.739756376730785092e-01,9.080673423292767721e-01,9.240266828263297150e-01,9.807992176969633213e-01,8.835447202534068012e-01,9.288812490014037859e-01,8.375928259564509037e-01,9.409884417318234995e-01,0.000000000000000000e+00,8.786867490848530027e-01,9.077184638857778154e-01,9.326437481298079923e-01,8.399532045378967915e-01,8.711195153267182745e-01,8.677819712773289229e-01,8.763534658561233925e-01,8.765573464437591555e-01,8.562797146195164633e-01,9.812111438831636612e-01,8.954597160937105560e-01,8.294349917844503484e-01,8.770138114930463580e-01,8.918736210269969655e-01,8.374894367019684038e-01,0.000000000000000000e+00,8.888089746785674539e-01,8.035730959014557584e-01,8.897529842416098678e-01,9.226510244279066963e-01,9.445226145087992631e-01,9.305795692899154758e-01,9.085811463181685532e-01
8.630897236299598374e-01,4.245987259466374453e-01,7.994252598979036950e-01,8.383494236880970618e-01,8.717535830076725833e-01,8.140810300551664103e-01,8.718840438536993309e-01,8.176463094717615343e-01,7.880474732445131858e-01,8.752362319000270841e-01,7.964660979970623611e-01,0.000000000000000000e+00,8.359408869817539500e-01,8.786867490848530027e-01,0.000000000000000000e+00,8.492528544995152640e-01,8.301521377502198984e-01,8.490238335819147997e-01,8.020443072599678924e-01,0.000000000000000000e+00,8.345905046468178323e-01,8.018945400857351302e-01,8.220402896387370983e-01,8.897341910072228410e-01,8.517857234510881614e-01,0.000000000000000000e+00,8.559043969438584476e-01,4.324853792745814718e-01,0.000000000000000000e+00,0.000000000000000000e+00,7.626102994528136669e-01,1.000000000000000000e+00,9.890641932698944760e-01,8.590716855220490444e-01,8.689451471733447008e-01,8.514126649817017611e-01,8.328401702971528486e-01
8.792321148351061044e-01,7.955597405752427020e-01,8.633792901238155348e-01,8.670126381977507624e-01,8.630381219136096238e-01,8.266603802857642735e-01,8.841606097711545154e-01,8.740592681654713036e-01,9.151233430442391459e-01,8.321766182764323005e-01,8.655435793791379506e-01,7.709810519583997213e-01,8.428291480124017188e-01,9.077184638857778154e-01,8.492528544995152640e-01,0.000000000000000000e+00,8.897628137590887221e-01,9.137311484639754067e-01,8.420424354707098935e-01,8.563283531371923551e-01,9.358222646840310688e-01,8.447737736320380941e-01,8.297471293525697789e-01,9.234350116356242477e-01,9.153727261322816000e-01,7.843302293977720829e-01,8.677302204543431152e-01,8.744514831580667558e-01,8.294516613644397074e-01,4.375000000000000000e-01,8.904335596758605753e-01,8.539229664911839324e-01,8.267672071351270802e-01,7.983653296493902207e-01,8.889951694595712439e-01,8.385606363597518653e-01,8.738025150716797196e-01
9.419446857428417363e-01,8.234822274798732078e-01,8.648650093592586963e-01,9.121264451308699339e-01,9.225219478726447431e-01,8.463469516038419904e-01,8.746407929489732336e-01,8.927169348248411573e-01,9.411087079607829420e-01,8.754447692948907900e-01,8.894153785926067757e-01,8.246785475882856264e-01,8.736472966094130932e-01,9.326437481298079923e-01,8.301521377502198984e-01,8.897628137590887221e-01,0.000000000000000000e+00,8.462205045644853874e-01,8.192704756548585543e-01,8.447173851422370427e-01,9.016682327756622151e-01,8.095571328760162721e-01,8.074860788633931863e-01,9.406911142454160712e-01,9.123834164095832033e-01,8.111075743553159967e-01,8.892352396491977062e-01,8.520407805132284018e-01,8.640006038647343178e-01,0.000000000000000000e+00,8.448389476474036375e-01,8.448128516442080516e-01,8.230859959259477776e-01,8.619495843880955466e-01,8.716250276260218977e-01,9.186110315575747309e-01,8.985615619975604318e-01
8.787942896030960238e-01,8.244639052221169884e-01,7.964946716337277799e-01,8.391685769860738331e-01,8.344263412746585340e-01,8.304693304172383606e-01,8.607442072560865798e-01,8.523825471772651374e-01,8.811436584538825390e-01,8.367576212104219646e-01,8.675865949679160138e-01,8.147958207020516985e-01,8.443653743659089717e-01,8.399532045378967915e-01,8.490238335819147997e-01,9.137311484639754067e-01,8.462205045644853874e-01,0.000000000000000000e+00,8.341877145242326819e-01,8.505838382404625753e-01,8.571523592164985716e-01,8.667160985522203154e-01,8.264160440911809680e-01,8.838608749282564903e-01,9.108738018026246719e-01,8.393124315334082874e-01,8.503505360896815857e-01,8.515935149229845180e-01,7.673114978028054978e-01,8.298760137502919632e-01,8.860123533044498290e-01,7.933579456882523528e-01,8.605289327611740369e-01,8.609128101081885420e-01,8.757497159353173632e-01,8.480000290494948967e-01,8.640155715233690525e-01
8.518642418003187222e-01,8.405647122014152650e-01,8.407077170456058735e-01,8.588820928964326917e-01,8.098951958111826332e-01,8.274725272012821709e-01,8.443113625420556323e-01,8.378023038973343439e-01,8.453176257638288504e-01,7.986306066339174947e-01,8.105910142132510821e-01,8.744690432945021463e-01,8.124027500289785486e-01,8.711195153267182745e-01,8.020443072599678924e-01,8.420424354707098935e-01,8.192704756548585543e-01,8.341877145242326819e-01,0.000000000000000000e+00,8.873200749673771925e-01,8.361330951436394265e-01,9.132588750035696146e-01,9.094968908193208357e-01,8.963176852444455500e-01,9.077833761898045362e-01,8.380291279453031539e-01,8.632936960930164272e-01,8.753610057816059165e-01,8.393336006152019024e-01,8.353671304067249448e-01,9.448735894645874378e-01,8.139547558907265223e-01,7.919334132849698005e-01,7.880305996897177812e-01,8.467086005973862850e-01,8.609837317758708419e-01,8.546904745315726526e-01
8.673776032431994576e-01,8.741784333640281179e-01,8.940670724970729566e-01,8.625088820008681711e-01,8.590849824792747835e-01,8.580545104114907229e-01,8.763376885156396456e-01,8.611667814032089030e-01,8.707707684504260026e-01,8.767266506966781003e-01,8.136682043729210889e-01,9.158061030942092895e-01,7.894389534750512194e-01,8.677819712773289229e-01,0.000000000000000000e+00,8.563283531371923551e-01,8.447173851422370427e-01,8.505838382404625753e-01,8.873200749673771925e-01,0.000000000000000000e+00,8.852583810859064872e-01,8.870842973784426322e-01,8.828916022838785294e-01,8.289774683718755810e-01,9.006696709748537311e-01,9.732091753847630367e-01,8.290239437735842376e-01,9.241972324972258512e-01,9.613570646727067626e-01,7.787130978851322105e-01,8.897196524346803193e-01,8.627355284672191260e-01,8.401516494610214991e-01,8.183438120896512347e-01,4.781731589127133919e-01,8.482840142637649850e-01,8.691710912992541838e-01
8.647262285293861872e-01,8.057532807244656148e-01,8.428202244061197002e-01,8.682933101031617973e-01,8.518669587563652001e-01,8.161696697361453534e-01,8.461377616042768945e-01,8.500406789657852791e-01,8.845053316475277594e-01,7.969296434457810996e-01,8.118021375979694865e-01,8.643175026534091199e-01,8.176163006392418442e-01,8.763534658561233925e-01,8.345905046468178323e-01,9.358222646840310688e-01,9.016682327756622151e-01,8.571523592164985716e-01,8.361330951436394265e-01,8.852583810859064872e-01,0.000000000000000000e+00,8.757273473983357981e-01,8.557986694744064149e-01,9.158120699275269505e-01,8.991411628208019202e-01,8.128056947871248328e-01,9.103765194783532966e-01,8.415498995955723593e-01,8.375469497641007122e-01,8.645776465751393580e-01,8.622202230013431556e-01,8.277025164645590571e-01,8.212814808915865905e-01,8.087655401314230996e-01,8.770636633892352485e-01,8.651414984728085233e-01,8.714066156775164274e-01
8.550146521912163067e-01,8.439622288856500898e-01,8.437204486011562476e-01,8.820377619910547695e-01,8.392380089053312897e-01,8.285289277528744556e-01,8.428234674805359372e-01,8.430995671073728825e-01,8.503111870422910279e-01,7.755763785546181399e-01,8.129753362836541486e-01,8.619767970986318417e-01,7.975070408052494786e-01,8.765573464437591555e-01,8.018945400857351302e-01,8.447737736320380941e-01,8.095571328760162721e-01,8.667160985522203154e-01,9.132588750035696146e-01,8.870842973784426322e-01,8.757273473983357981e-01,0.000000000000000000e+00,9.009979118273665488e-01,8.962445540424578416e-01,9.063132100375581590e-01,8.263579738156416887e-01,8.655320572193063722e-01,8.557099689989151603e-01,8.349671481420075647e-01,8.656905978286288939e-01,9.226501007451495262e-01,8.379051524384166783e-01,7.929852397073635650e-01,8.219406130230118013e-01,8.062163737547076714e-01,8.689545016702850955e-01,8.883152190138385862e-01
8.446180531662095259e-01,8.277315951638202218e-01,4.401542420510877185e-01,8.920567996779300568e-01,4.005079053002376099e-01,4.120844642909260447e-01,8.387459606345393226e-01,8.387656090648099028e-01,8.433209936674905816e-01,8.050078824972892733e-01,8.277501456103107946e-01,8.385513600242308074e-01,8.091627514542916177e-01,8.562797146195164633e-01,8.220402896387370983e-01,8.297471293525697789e-01,8.074860788633931863e-01,8.264160440911809680e-01,9.094968908193208357e-01,8.828916022838785294e-01,8.557986694744064149e-01,9.009979118273665488e-01,0.000000000000000000e+00,8.220196145263100052e-01,9.094202570933076490e-01,8.537511517146101347e-01,8.621941622240172354e-01,9.031285845512195820e-01,8.384993762352115354e-01,8.130629171757862705e-01,9.161229219629243303e-01,8.445897070521053429e-01,8.464387241764459446e-01,7.950006467776097319e-01,8.409594550476420238e-01,8.465484217172124515e-01,8.672648433457890160e-01
9.531361026411527826e-01,8.605912442422771758e-01,4.718199220567261820e-01,9.116458518192775973e-01,4.454366101794732247e-01,4.410005379997734565e-01,9.025416523622447063e-01,9.074074721590563719e-01,9.598390369454908866e-01,8.887331055327383211e-01,8.888743309868052389e-01,4.133865224728531795e-01,9.025938145229044363e-01,9.812111438831636612e-01,8.897341910072228410e-01,9.234350116356242477e-01,9.406911142454160712e-01,8.838608749282564903e-01,8.963176852444455500e-01,8.289774683718755810e-01,9.158120699275269505e-01,8.962445540424578416e-01,8.220196145263100052e-01,0.000000000000000000e+00,9.221138861045510282e-01,8.180734536316380812e-01,9.149365857096961596e-01,8.933378373154713392e-01,8.885514866314909721e-01,8.110735947039686700e-01,8.879843050752388445e-01,8.847871293582091345e-01,8.331176489723266521e-01,8.857208229899145024e-01,9.346557145141223266e-01,9.171480649248001660e-01,9.543000100927412355e-01
8.934311830509256147e-01,8.233895192969861165e-01,8.511650110598742991e-01,8.150107361922496185e-01,8.220829250343919536e-01,8.354510396753479506e-01,8.587486607760157487e-01,8.583165310367909528e-01,8.715513892146165009e-01,8.042208884323995832e-01,8.439142256141609622e-01,8.262484717408572488e-01,8.435081190972036902e-01,8.954597160937105560e-01,8.517857234510881614e-01,9.153727261322816000e-01,9.123834164095832033e-01,9.108738018026246719e-01,9.077833761898045362e-01,9.006696709748537311e-01,8.991411628208019202e-01,9.063132100375581590e-01,9.094202570933076490e-01,9.221138861045510282e-01,0.000000000000000000e+00,8.419667730449902354e-01,9.179199088372347326e-01,8.757486774845073541e-01,8.525496390933133828e-01,8.950495934232864936e-01,8.824078526041622128e-01,8.426095592190929739e-01,8.267230967682007714e-01,8.488678895057537588e-01,8.842055925082219492e-01,8.900774590405982067e-01,9.335357286866932114e-01
8.505726760820253585e-01,0.000000000000000000e+00,8.348223844483726452e-01,8.179244746330671667e-01,4.282500757214916520e-01,8.082180427137175549e-01,8.312004307682943072e-01,7.924434009805156887e-01,3.929894780276459998e-01,8.526357667927342288e-01,9.655428800786292065e-01,4.129068342832792338e-01,0.000000000000000000e+00,8.294349917844503484e-01,0.000000000000000000e+00,7.843302293977720829e-01,8.111075743553159967e-01,8.393124315334082874e-01,8.380291279453031539e-01,9.732091753847630367e-01,8.128056947871248328e-01,8.263579738156416887e-01,8.537511517146101347e-01,8.180734536316380812e-01,8.419667730449902354e-01,0.000000000000000000e+00,8.151832063281108098e-01,9.658161519876100609e-01,9.660866190984424007e-01,8.147327867676933399e-01,8.996127419828013894e-01,4.374580514568795486e-01,8.835722400039196511e-01,8.269561691358462419e-01,4.591396458439552797e-01,8.393589280520943330e-01,8.804535827193006314e-01
8.580186997106096225e-01,8.649420865997711205e-01,8.347947379863499551e-01,8.194125432055412439e-01,8.490281300226953931e-01,8.173625849023864465e-01,8.425956922112646241e-01,8.256621904061469674e-01,8.519925591920525232e-01,7.578602729400274463e-01,8.311623287207812183e-01,8.503808975521833791e-01,8.293787905774580027e-01,8.770138114930463580e-01,8.559043969438584476e-01,8.677302204543431152e-01,8.892352396491977062e-01,8.503505360896815857e-01,8.632936960930164272e-01,8.290239437735842376e-01,9.103765194783532966e-01,8.655320572193063722e-01,8.621941622240172354e-01,9.149365857096961596e-01,9.179199088372347326e-01,8.151832063281108098e-01,0.000000000000000000e+00,8.394286802233126288e-01,8.372390145120529592e-01,8.593679351187288873e-01,8.423867765155179654e-01,8.470892509178532537e-01,8.086723075920225767e-01,8.013628089777087293e-01,8.318439196806481917e-01,7.796650301884724410e-01,9.064124954942931467e-01
8.665494147679893011e-01,8.491153708270804401e-01,8.683634560123958401e-01,8.546939678590663725e-01,8.642358970828316611e-01,8.117694181644254936e-01,7.818594073187792315e-01,8.469693742754644816e-01,8.995628535800260783e-01,8.564754328599002431e-01,8.211391878861618032e-01,9.167471014102269722e-01,7.925000645293325263e-01,8.918736210269969655e-01,4.324853792745814718e-01,8.744514831580667558e-01,8.520407805132284018e-01,8.515935149229845180e-01,8.753610057816059165e-01,9.241972324972258512e-01,8.415498995955723593e-01,8.557099689989151603e-01,9.031285845512195820e-01,8.933378373154713392e-01,8.757486774845073541e-01,9.658161519876100609e-01,8.394286802233126288e-01,0.000000000000000000e+00,9.076007437478316175e-01,8.472778147560759976e-01,9.000035992052654032e-01,8.452320350841535657e-01,9.044420902329080025e-01,8.345658522154457692e-01,8.922927212044529099e-01,8.522205196699284002e-01,9.106984185965800727e-01
8.804161082947117301e-01,4.591304347826087873e-01,8.367982513121621224e-01,8.676933444105973114e-01,8.605090727621635960e-01,8.719919861696798780e-01,9.088229282794499930e-01,8.522334882784136090e-01,4.431884057971014479e-01,8.616878019323671589e-01,4.585987261146496907e-01,4.532562885996765933e-01,4.434504792332268908e-01,8.374894367019684038e-01,0.000000000000000000e+00,8.294516613644397074e-01,8.640006038647343178e-01,7.673114978028054978e-01,8.393336006152019024e-01,9.613570646727067626e-01,8.375469497641007122e-01,8.349671481420075647e-01,8.384993762352115354e-01,8.885514866314909721e-01,8.525496390933133828e-01,9.660866190984424007e-01,8.372390145120529592e-01,9.076007437478316175e-01,0.000000000000000000e+00,8.710967816100212424e-01,8.856970786776947602e-01,8.063646713955505696e-01,9.140652796243107225e-01,4.375000000000000000e-01,8.933711423513748251e-01,8.664751065892704052e-01,8.665061503812666599e-01
4.279245685062859073e-01,0.000000000000000000e+00,0.000000000000000000e+00,3.769443852546345286e-01,0.000000000000000000e+00,0.000000000000000000e+00,8.573584771645712532e-01,4.405705229793978051e-01,4.526923870435320962e-01,4.325591306200723962e-01,4.458598726114649802e-01,0.000000000000000000e+00,4.480076709993606743e-01,0.000000000000000000e+00,0.000000000000000000e+00,4.375000000000000000e-01,0.000000000000000000e+00,8.298760137502919632e-01,8.353671304067249448e-01,7.787130978851322105e-01,8.645776465751393580e-01,8.656905978286288939e-01,8.130629171757862705e-01,8.110735947039686700e-01,8.950495934232864936e-01,8.147327867676933399e-01,8.593679351187288873e-01,8.472778147560759976e-01,8.710967816100212424e-01,0.000000000000000000e+00,8.308334211104435596e-01,0.000000000000000000e+00,0.000000000000000000e+00,0.000000000000000000e+00,0.000000000000000000e+00,0.000000000000000000e+00,9.124070510195367856e-01
8.804720185212054906e-01,8.917155431132087751e-01,8.453608335906821480e-01,8.478986205549439159e-01,8.385912672655205791e-01,8.463520217598552442e-01,8.767836450436941043e-01,8.887380989369089157e-01,8.341745215835225657e-01,8.364019988785884596e-01,8.652062222301548644e-01,8.931937974030377259e-01,8.431103129895347603e-01,8.888089746785674539e-01,7.626102994528136669e-01,8.904335596758605753e-01,8.448389476474036375e-01,8.860123533044498290e-01,9.448735894645874378e-01,8.897196524346803193e-01,8.622202230013431556e-01,9.226501007451495262e-01,9.161229219629243303e-01,8.879843050752388445e-01,8.824078526041622128e-01,8.996127419828013894e-01,8.423867765155179654e-01,9.000035992052654032e-01,8.856970786776947602e-01,8.308334211104435596e-01,0.000000000000000000e+00,8.390620698557591517e-01,7.742970820346866123e-01,8.680132753345464192e-01,8.742929566051653723e-01,8.435852279192967984e-01,8.896837528709226062e-01
8.601116231731520401e-01,8.737778971060229383e-01,7.781029307945922513e-01,8.369437719808394682e-01,8.484043891176066277e-01,8.331150884238754939e-01,8.448140647858103369e-01,8.213457251669806780e-01,4.395586283560535268e-01,8.387482611643284347e-01,7.853970120187329096e-01,9.254027100489830016e-01,8.259754656911200144e-01,8.035730959014557584e-01,1.000000000000000000e+00,8.539229664911839324e-01,8.448128516442080516e-01,7.933579456882523528e-01,8.139547558907265223e-01,8.627355284672191260e-01,8.277025164645590571e-01,8.379051524384166783e-01,8.445897070521053429e-01,8.847871293582091345e-01,8.426095592190929739e-01,4.374580514568795486e-01,8.470892509178532537e-01,8.452320350841535657e-01,8.063646713955505696e-01,0.000000000000000000e+00,8.390620698557591517e-01,0.000000000000000000e+00,9.883925993755271477e-01,8.681844648123183683e-01,8.908740938813313193e-01,8.327244100392139359e-01,8.865320143932611252e-01
8.415661041732765968e-01,8.479645959832800006e-01,8.356490815899094704e-01,8.434242804812301930e-01,8.218010275109028928e-01,8.198166610320075653e-01,8.429060126489860139e-01,8.480185819764469723e-01,8.391797188984562172e-01,8.247674878013179223e-01,7.950162827218992811e-01,9.011887016517884375e-01,8.035911306582137481e-01,8.897529842416098678e-01,9.890641932698944760e-01,8.267672071351270802e-01,8.230859959259477776e-01,8.605289327611740369e-01,7.919334132849698005e-01,8.401516494610214991e-01,8.212814808915865905e-01,7.929852397073635650e-01,8.464387241764459446e-01,8.331176489723266521e-01,8.267230967682007714e-01,8.835722400039196511e-01,8.086723075920225767e-01,9.044420902329080025e-01,9.140652796243107225e-01,0.000000000000000000e+00,7.742970820346866123e-01,9.883925993755271477e-01,0.000000000000000000e+00,8.759437760115805771e-01,8.525759153663604595e-01,8.320720923732307650e-01,8.335329117230130258e-01
8.576920957357059283e-01,8.400859899036927647e-01,8.927187923653298052e-01,8.860235120645691964e-01,8.777142928910572905e-01,8.350605890399643849e-01,8.998696931095078178e-01,9.032857836318509692e-01,9.068699230363226338e-01,8.290551306473323834e-01,9.540073381220502968e-01,8.348450434087686389e-01,9.484057340129637970e-01,9.226510244279066963e-01,8.590716855220490444e-01,7.983653296493902207e-01,8.619495843880955466e-01,8.609128101081885420e-01,7.880305996897177812e-01,8.183438120896512347e-01,8.087655401314230996e-01,8.219406130230118013e-01,7.950006467776097319e-01,8.857208229899145024e-01,8.488678895057537588e-01,8.269561691358462419e-01,8.013628089777087293e-01,8.345658522154457692e-01,4.375000000000000000e-01,0.000000000000000000e+00,8.680132753345464192e-01,8.681844648123183683e-01,8.759437760115805771e-01,0.000000000000000000e+00,9.326839028940081544e-01,8.699246738191936945e-01,8.379306002446813562e-01
9.225265046841777394e-01,8.597781375826685224e-01,9.098367111428087295e-01,9.423163212715442993e-01,9.315555569602640418e-01,8.888608959680275312e-01,9.205332570120856595e-01,9.334002788803034134e-01,9.175149691507178407e-01,9.102488894315476919e-01,9.770107827464347139e-01,8.867096428867305979e-01,9.990719610527917238e-01,9.445226145087992631e-01,8.689451471733447008e-01,8.889951694595712439e-01,8.716250276260218977e-01,8.757497159353173632e-01,8.467086005973862850e-01,4.781731589127133919e-01,8.770636633892352485e-01,8.062163737547076714e-01,8.409594550476420238e-01,9.346557145141223266e-01,8.842055925082219492e-01,4.591396458439552797e-01,8.318439196806481917e-01,8.922927212044529099e-01,8.933711423513748251e-01,0.000000000000000000e+00,8.742929566051653723e-01,8.908740938813313193e-01,8.525759153663604595e-01,9.326839028940081544e-01,0.000000000000000000e+00,9.274619787224605005e-01,9.074294044414248361e-01
9.064434714820605032e-01,8.269032960280685574e-01,8.771123924914712155e-01,9.291881709533245104e-01,9.286272877032876183e-01,8.567590457356718536e-01,8.854683671310352722e-01,9.131022046493515454e-01,9.507179288547036311e-01,8.127432818890594213e-01,8.702663796642438054e-01,8.405927958370917885e-01,8.752548588032122989e-01,9.305795692899154758e-01,8.514126649817017611e-01,8.385606363597518653e-01,9.186110315575747309e-01,8.480000290494948967e-01,8.609837317758708419e-01,8.482840142637649850e-01,8.651414984728085233e-01,8.689545016702850955e-01,8.465484217172124515e-01,9.171480649248001660e-01,8.900774590405982067e-01,8.393589280520943330e-01,7.796650301884724410e-01,8.522205196699284002e-01,8.664751065892704052e-01,0.000000000000000000e+00,8.435852279192967984e-01,8.327244100392139359e-01,8.320720923732307650e-01,8.699246738191936945e-01,9.274619787224605005e-01,0.000000000000000000e+00,8.821909952198465632e-01
8.648895236706668488e-01,8.928343548308407263e-01,8.543473649933309710e-01,8.556021281254251321e-01,8.516033640164882845e-01,8.265304617911384266e-01,8.562667326539956658e-01,8.436309993277975039e-01,8.787355882438832033e-01,8.842640426489883909e-01,8.386087330669491635e-01,8.357378484724881096e-01,8.178348952446752307e-01,9.085811463181685532e-01,8.328401702971528486e-01,8.738025150716797196e-01,8.985615619975604318e-01,8.640155715233690525e-01,8.546904745315726526e-01,8.691710912992541838e-01,8.714066156775164274e-01,8.883152190138385862e-01,8.672648433457890160e-01,9.543000100927412355e-01,9.335357286866932114e-01,8.804535827193006314e-01,9.064124954942931467e-01,9.106984185965800727e-01,8.665061503812666599e-01,9.124070510195367856e-01,8.896837528709226062e-01,8.865320143932611252e-01,8.335329117230130258e-01,8.379306002446813562e-01,9.074294044414248361e-01,8.821909952198465632e-01,0.000000000000000000e+00
